00000000 10010661 10010772 10010883 10010994 10010aa5 10010bb6 10010cc7
00000000 10010019 1001002a 1001003b 1001004c 1001005d 1001006e 1001007f
17118001 00000000 00000000 00000000 00000000 00000000 00000000 00000000
00000000 00000000 00000000 00000000 00000000 00000000 00000000 00000000
20000091 200000a2 200000b3 200000c4 200000d5 200000e6 200000f7 00000000
20001019 2000101a 2000101b 2000101c 2000101d 2000101e 2000101f 00000000
30001291 300013a2 300014b3 300015c4 300016d5 300017e6 300011f7 00000000
12218001 00110000 12218002 00110002 12218003 00110004 12218004 00110006
00120006 10020009 1002000a 1002000b 1003000c 00020000 00000000 00000000
00000000 00000000 00000000 00000000 00000000 00000000 00000000 00000000
00000000 00000000 00000000 00000000 00000000 00000000 00000000 00000000
00000000 00000000 00000000 00000000 00000000 00000000 00000000 00000000
00000000 00000000 00000000 00000000 00000000 00000000 07010020

追加出栈入栈
00000000 10010661 10010772 10010883 10010994 10010aa5 10010bb6 10010cc7
00000000 10010019 1001002a 1001003b 1001004c 1001005d 1001006e 1001007f
17118001 00000000 00000000 00000000 00000000 00000000 00000000 00000000
00000000 00000000 00000000 00000000 00000000 00000000 00000000 00000000
20000091 200000a2 200000b3 200000c4 200000d5 200000e6 200000f7 00000000
20001019 2000101a 2000101b 2000101c 2000101d 2000101e 2000101f 00000000
30001291 300013a2 300014b3 300015c4 300016d5 300017e6 300011f7 00000000
12218001 00110000 12218002 00110002 12218003 00110004 12218004 00110006
00120006 10020009 1002000a 1002000b 1003000c 10010ef1 16088001 00000000
12218002 00130000 12218003 00130000 12218004 00130000 12218005 00130000
00140000 10020009 00140000 1002000a 00140000 1002000b 00020000 00000000
00000000 00000000 00000000 00000000 00000000 00000000 00000000 00000000
00000000 00000000 00000000 00000000 00000000 00000000 07010020

测试PC入栈出栈
00000000 10010661 10010772 10010883 10010994 10010aa5 10010bb6 10010cc7
00000000 10010019 1001002a 1001003b 1001004c 1001005d 1001006e 1001007f
17118001 00000000 00000000 00000000 00000000 00000000 00000000 00000000
00000000 00000000 00000000 00000000 00000000 00000000 00000000 00000000
20000091 200000a2 200000b3 200000c4 200000d5 200000e6 200000f7 00000000
20001019 2000101a 2000101b 2000101c 2000101d 2000101e 2000101f 00000000
30001291 300013a2 300014b3 300015c4 300016d5 300017e6 300011f7 00000000
12218001 00110000 12218002 00110002 12218003 00110004 12218004 00110006
00120006 10020009 1002000a 1002000b 1003000c 10010ef1 16088001 00000000
12218002 00130000 12218003 00130000 12218004 00130000 12218005 00130000
00140000 10020009 00140000 1002000a 00140000 1002000b 00140000 1002000c
07010070 00000000 00000000 00000000 00000000 00000000 00000000 00000000
00000000 00000000 00000000 00000000 00000000 00000000 07010020 00000000
00000000 00000000 00000000 00000000 00000000 00000000 00000000 00000000
00150000 00150000 00150000 00150000 00140000 10020001 00140000 10020002
00140000 10020003 00140000 10020004 00000000 00000000 00000000 00000000
00000000 00000000 00000000 00000000 00000000 00000000 00000000 00000000
00000000 00000000 00000000 00000000 00000000 00000000 00000000 00000000
00000000 00000000 00000000 00000000 00000000 00000000 00000000 00020000


栈顶地址入寄存器，之后就可以走先前内存读写方式读取默认位置数据
00000000 10010661 10010772 10010883 10010994 10010aa5 10010bb6 10010cc7
00000000 10010019 1001002a 1001003b 1001004c 1001005d 1001006e 1001007f
17118001 00000000 00000000 00000000 00000000 00000000 00000000 00000000
00000000 00000000 00000000 00000000 00000000 00000000 00000000 00000000
20000091 200000a2 200000b3 200000c4 200000d5 200000e6 200000f7 00000000
20001019 2000101a 2000101b 2000101c 2000101d 2000101e 2000101f 00000000
30001291 300013a2 300014b3 300015c4 300016d5 300017e6 300011f7 00000000
12218001 00110000 12218002 00110002 12218003 00110004 12218004 00110006
00120006 10020009 1002000a 1002000b 1003000c 10010ef1 16088001 00000000
12218002 00130000 12218003 00130000 12218004 00130000 12218005 00130000
00140000 10020009 00140000 1002000a 00140000 1002000b 00140000 1002000c
07010070 00000000 00000000 00000000 00000000 00000000 00000000 00000000
00000000 00000000 00000000 00000000 00000000 00000000 07010020 00000000
00000000 00000000 00000000 00000000 00000000 00000000 00000000 00000000
00150000 00150000 00150000 00150000 00140000 10020001 00140000 10020002
00140000 10020003 00140000 10020004 1006000f 00000000 00000000 00000000
00000000 00000000 00000000 00000000 00000000 00000000 00000000 00000000
00000000 00000000 00000000 00000000 00000000 00000000 00000000 00000000
00000000 00000000 00000000 00000000 00000000 00000000 00000000 00020000

适配内存RAM指令位置跳转从20开始
00000000 10010661 10010772 10010883 10010994 10010aa5 10010bb6 10010cc7
00000000 10010019 1001002a 1001003b 1001004c 1001005d 1001006e 1001007f
17118001 00000000 00000000 00000000 00000000 00000000 00000000 00000000
00000000 00000000 00000000 00000000 00000000 00000000 00000000 00000000
20000091 200000a2 200000b3 200000c4 200000d5 200000e6 200000f7 00000000
20001019 2000101a 2000101b 2000101c 2000101d 2000101e 2000101f 00000000
30001291 300013a2 300014b3 300015c4 300016d5 300017e6 300011f7 00000000
12218001 00110000 12218002 00110002 12218003 00110004 12218004 00110006
00120006 10020009 1002000a 1002000b 1003000c 10010ef1 16088001 00000000
12218002 00130000 12218003 00130000 12218004 00130000 12218005 00130000
00140000 10020009 00140000 1002000a 00140000 1002000b 00140000 1002000c
07010070 00000000 00000000 00000000 00000000 00000000 00000000 00000000
00000000 00000000 00000000 00000000 00000000 00000000 07010020 00000000
00000000 00000000 00000000 00000000 00000000 00000000 00000000 00000000
00150000 00150000 00150000 00150000 00140000 10020001 00140000 10020002
00140000 10020003 00140000 10020004 1006000f 00000000 00000000 00000000
00000000 00000000 00000000 00000000 00000000 00000000 00000000 00000000
00000000 00000000 00000000 00000000 00000000 00000000 00000000 00000000
00000000 00000000 00000000 00000000 00000000 00000000 00000000 00020020


机器指令概况：

加载数据
跳转到66
跳转到30
加法
内存写数据0，2，4，6
内存读数据06，随后写入 9，a，b，c寄存器
入栈出栈
入栈PC地址出栈v2
跳转RAM


条件跳转测试，第一次00060030不会执行，第二次会执行
00000000 100101a1 100101a9 3000a181 00060030 00000000 10010009 3000a181
00060030

2025-3-12 19：40

输出数据

10010411 10010004 15228001 00000000 10010421 10010014 15228001 10010431
10010024 15228001



整合旧数据并追加输出
适配内存RAM指令位置跳转从20开始
测试成功
00000000 10010661 10010772 10010883 10010994 10010aa5 10010bb6 10010cc7
00000000 10010019 1001002a 1001003b 1001004c 1001005d 1001006e 1001007f
17118001 00000000 00000000 00000000 00000000 00000000 00000000 00000000
00000000 00000000 00000000 00000000 00000000 00000000 00000000 00000000
20000091 200000a2 200000b3 200000c4 200000d5 200000e6 200000f7 00000000
20001019 2000101a 2000101b 2000101c 2000101d 2000101e 2000101f 00000000
30001291 300013a2 300014b3 300015c4 300016d5 300017e6 300011f7 00000000
12218001 00110000 12218002 00110002 12218003 00110004 12218004 00110006
00120006 10020009 1002000a 1002000b 1003000c 10010ef1 16088001 00000000
12218002 00130000 12218003 00130000 12218004 00130000 12218005 00130000
00140000 10020009 00140000 1002000a 00140000 1002000b 00140000 1002000c
07010070 00000000 00000000 00000000 00000000 00000000 00000000 00000000
00000000 00000000 00000000 00000000 00000000 00000000 07010020 00000000
00000000 00000000 00000000 00000000 00000000 00000000 00000000 00000000
00150000 00150000 00150000 00150000 00140000 10020001 00140000 10020002
00140000 10020003 00140000 10020004 1006000f 00000000 00000000 00000000
10010411 10010004 15228001 00000000 10010421 10010014 15228001 10010431
10010024 15228001 00000000 00000000 00000000 00000000 00000000 00000000
00000000 00000000 00000000 00000000 00000000 00000000 00000000 00020020
