00000000 10010262 10010373 10010454 10010565 10010676 10010787 00000000
10010919 10010a2a 10010b3b 10010c4c 10010d5d 10010e6e 10010f7f 00000000
12218001 00110080 12218002 00110081 12218003 00110082 12218004 00110083
07010030 00000000 00000000 00000000 00000000 00000000 00000000 00000000
00000000 00000000 00000000 00000000 00000000 00000000 00000000 00000000
00000000 00000000 00000000 00000000 00000000 00000000 00000000 00000000
00120080 10020009 00120081 1002000a

load 14个寄存器
写内存
跳转30后
读内存


在出栈入栈测试后新代码
00000000 00000000 00000000 00000000 00000000 00000000 00000000 00000000
00000000 00000000 00000000 00000000 00000000 00000000 00000000 00000000
00000000 00000000 00000000 00000000 00000000 00000000 00000000 00000000
00000000 00000000 00000000 00000000 00000000 00000000 00000000 00000000
00000000 10010262 10010373 10010454 10010565 10010676 10010787 00000000
10010919 10010a2a 10010b3b 10010c4c 10010d5d 10010e6e 10010f7f 00000000
12218001 00110080 12218002 00110081 12218003 00110082 12218004 00110083
07010050 00000000 00000000 00000000 00000000 00000000 00000000 00000000
00000000 00000000 00000000 00000000 00000000 00000000 00000000 00000000
00000000 00000000 00000000 00000000 00000000 00000000 00000000 00000000
00120080 10020009 00120081 1002000a

00000000 00000000 00000000 00000000 00000000 00000000 00000000 00000000
00000000 00000000 00000000 00000000 00000000 00000000 00000000 00000000
00000000 00000000 00000000 00000000 00000000 00000000 00000000 00000000
00000000 00000000 00000000 00000000 00000000 00000000 00000000 00000000
00000000 10010262 10010373 10010454 10010565 10010676 10010787 00000000
10010919 10010a2a 10010b3b 10010c4c 10010d5d 10010e6e 10010f7f 00000000
12218001 00110080 12218002 00110081 12218003 00110082 12218004 00110083
07010050 00000000 00000000 00000000 00000000 00000000 00000000 00000000
00000000 00000000 00000000 00000000 00000000 00000000 00000000 00000000
00000000 00000000 00000000 00000000 00000000 00000000 00000000 00000000
00120080 10020009 00120081 1002000a 00120082 1002000b 00120083 1002000c


半个函数调用计算2寄存器加法

00000000 00000000 00000000 00000000 00000000 00000000 00000000 00000000
00000000 00000000 00000000 00000000 00000000 00000000 00000000 00000000
00000000 00000000 00000000 00000000 00000000 00000000 00000000 00000000
00000000 00000000 00000000 00000000 00000000 00000000 00000000 00000000
00000000 10010262 10010373 10010454 10010565 10010676 10010787 00000000
10010919 10010a2a 10010b3b 10010c4c 10010d5d 10010e6e 10010f7f 00000000
12218001 00110080 12218002 00110081 12218003 00110082 12218004 00110083
07010050 00000000 00000000 00000000 00000000 00000000 00000000 00000000
00000000 00000000 00000000 00000000 00000000 00000000 00000000 00000000
00000000 00000000 00000000 00000000 00000000 00000000 00000000 00000000
00120080 10020009 00120081 1002000a 00120082 1002000b 00120083 1002000c
10010df1 16088001 12218001 12218002 12218003 12218004 00130000 00000000
12218005 12218006 12218007 00130000 10010001 10010002 10010003 10010004
10010005 10010006 10010007 12218009 1221800a 1221800b 1221800c 00130000
10010009 1001000a 1001000b 1001000c 00150000 10060001 10010022 10010033
00000000 00000000 00000000 00000000 00000000 00000000 00000000 00000000
00000073 00000026 00000037 00000045

忘传回参数了，先不还原栈

00000000 00000000 00000000 00000000 00000000 00000000 00000000 00000000
00000000 00000000 00000000 00000000 00000000 00000000 00000000 00000000
00000000 00000000 00000000 00000000 00000000 00000000 00000000 00000000
00000000 00000000 00000000 00000000 00000000 00000000 00000000 00000000
00000000 10010262 10010373 10010454 10010565 10010676 10010787 00000000
10010919 10010a2a 10010b3b 10010c4c 10010d5d 10010e6e 10010f7f 00000000
12218001 00110080 12218002 00110081 12218003 00110082 12218004 00110083
07010050 00000000 00000000 00000000 00000000 00000000 00000000 00000000
00000000 00000000 00000000 00000000 00000000 00000000 00000000 00000000
00000000 00000000 00000000 00000000 00000000 00000000 00000000 00000000
00120080 10020009 00120081 1002000a 00120082 1002000b 00120083 1002000c
10010df1 16088001 12218001 12218002 12218003 12218004 00130000 00000000
12218005 12218006 12218007 00130000 10010001 10010002 10010003 10010004
10010005 10010006 10010007 12218009 1221800a 1221800b 1221800c 00130000
10010009 1001000a 1001000b 1001000c 00150000 10060001 10010022 10010033
20001012 20001013 001200dd 10010005 001200de 10050006 30001567 07010090
00000073 00000026 00000037 00000045


还原部分数据并出地址

00000000 00000000 00000000 00000000 00000000 00000000 00000000 00000000
00000000 00000000 00000000 00000000 00000000 00000000 00000000 00000000
00000000 00000000 00000000 00000000 00000000 00000000 00000000 00000000
00000000 00000000 00000000 00000000 00000000 00000000 00000000 00000000
00000000 10010262 10010373 10010454 10010565 10010676 10010787 00000000
10010919 10010a2a 10010b3b 10010c4c 10010d5d 10010e6e 10010f7f 00000000
12218001 00110080 12218002 00110081 12218003 00110082 12218004 00110083
07010050 00000000 00000000 00000000 00000000 00000000 00000000 00000000
00000000 00000000 00000000 00000000 00000000 00000000 00000000 00000000
00000000 00000000 00000000 00000000 00000000 00000000 00000000 00000000
00120080 10020009 00120081 1002000a 00120082 1002000b 00120083 1002000c
10010df1 16088001 12218001 12218002 12218003 12218004 00130000 00000000
12218005 12218006 12218007 00130000 10010001 10010002 10010003 10010004
10010005 10010006 10010007 12218009 1221800a 1221800b 1221800c 00130000
10010009 1001000a 1001000b 1001000c 00150000 10060001 10010022 10010033
20001012 20001013 001200dd 10010005 001200de 10050006 30001567 07010090
00000073 00000026 00000037 00000045 00000000 00000000 00000000 00000000
00000000 00000000 00000000 00000000 00000000 00000000 00000000 00000000
12218007 00110010 00000000 00000000 001200dd 10020009 1002000a 1002000b
1002000c 00140000 10020001 070100a0

读不到数据，算结果也没有，但是加载了部分数据栈地址，查指令发现7a地址
10020005改写10010005，发现数据读不到原来是01指令使用取代02指令了，又发现顺序不同
10050005改写，看指令亮线，发现读取00，原来是内存加载地址变化，选线顺序和地址顺序不同，
1005006改为10020006，发现读取数据同，10020009，1002部分重复，改。
30001765 不是3001567，改7是结果在7=6+5格式中

00000000 00000000 00000000 00000000 00000000 00000000 00000000 00000000
00000000 00000000 00000000 00000000 00000000 00000000 00000000 00000000
00000000 00000000 00000000 00000000 00000000 00000000 00000000 00000000
00000000 00000000 00000000 00000000 00000000 00000000 00000000 00000000
00000000 10010262 10010373 10010454 10010565 10010676 10010787 00000000
10010919 10010a2a 10010b3b 10010c4c 10010d5d 10010e6e 10010f7f 00000000
12218001 00110080 12218002 00110081 12218003 00110082 12218004 00110083
07010050 00000000 00000000 00000000 00000000 00000000 00000000 00000000
00000000 00000000 00000000 00000000 00000000 00000000 00000000 00000000
00000000 00000000 00000000 00000000 00000000 00000000 00000000 00000000
00120080 10020009 00120081 1002000a 00120082 1002000b 00120083 1002000c
10010df1 16088001 12218001 12218002 12218003 12218004 00130000 00000000
12218005 12218006 12218007 00130000 10010001 10010002 10010003 10010004
10010005 10010006 10010007 12218009 1221800a 1221800b 1221800c 00130000
10010009 1001000a 1001000b 1001000c 00150000 10060001 10010022 10010033
20001012 20001013 001200dd 10020005 001200de 10050006 30001567 07010090
00000073 00000026 00000037 00000045 00000000 00000000 00000000 00000000
00000000 00000000 00000000 00000000 00000000 00000000 00000000 00000000
12218007 00110010 00000000 00000000 001200dd 10020009 1002000a 1002000b
1002000c 00140000 10020001 070100a0



最终成果，有一些数据会被写入

00000000 00000000 00000000 00000000 00000000 00000000 00000000 00000000
00000000 00000000 00000000 00000000 00000000 00000000 00000000 00000000
00000000 00000000 00000000 00000000 00000000 00000000 00000000 00000000
00000000 00000000 00000000 00000000 00000000 00000000 00000000 00000000
00000000 10010262 10010373 10010454 10010565 10010676 10010787 00000000
10010919 10010a2a 10010b3b 10010c4c 10010d5d 10010e6e 10010f7f 00000000
12218001 00110080 12218002 00110081 12218003 00110082 12218004 00110083
07010050 00000000 00000000 00000000 00000000 00000000 00000000 00000000
00000000 00000000 00000000 00000000 00000000 00000000 00000000 00000000
00000000 00000000 00000000 00000000 00000000 00000000 00000000 00000000
00120080 10020009 00120081 1002000a 00120082 1002000b 00120083 1002000c
10010df1 16088001 12218001 12218002 12218003 12218004 00130000 00000000
12218005 12218006 12218007 00130000 10010001 10010002 10010003 10010004
10010005 10010006 10010007 12218009 1221800a 1221800b 1221800c 00130000
10010009 1001000a 1001000b 1001000c 00150000 10060001 10010022 10010033
20001012 20001013 001200dd 10050005 001200de 10020006 30001765 07010090
000000db 00000026 00000037 00000045 00000000 00000000 00000000 00000000
00000000 00000000 00000000 00000000 00000000 00000000 00000000 00000000
12218007 00110010 00000000 00000000 001200dd 10020009 1003000a 1004000b
1005000c 00140000 10020001 070100a0


load 14个寄存器
写内存
跳转50后
读内存
入栈1，2，3...a，b，c，寄存器，其中1-7寄存器是保存现场，abc寄存器是参数入栈
入栈保存PC地址，然后加载栈顶地址，设置偏移量2，3，算参数位置，但是使用立即数获取，因为发现没有内存当地址读取内存指令！然后读取参数进行加法30001567 最后第7寄存器数据保存内存0x10处
用内存读写方式读取栈保存的9，a，b，c寄存器数据
出栈栈顶保存的函数调用前PC地址，然后给到1号寄存器
跳转到a0
没有还原完成现场，因为要看函数调用时的寄存器
一气点按钮，先有00指令后语言记录干了啥事