
十六进制
但是点阵是二进制
二进制转十六进制

先测试点位置
10000000，
最高位不用
01000000，
改十六进制
80402010

改意识到80第一位是1

40
20
10
08
04
02
01
00
40
20
10
08
04
02
01
00
40
20
10
08
04
02
01
00
40
20
10
08
04
02
01
00
改成
40 20 10 08 04 02 01 00
40 20 10 08 04 02 01 00
40 20 10 08 04 02 01 00
40 20 10 08 04 02 01 00
20 10 00 08 04 02 01 00
40 20 10 08 04 02 01 00
40 20 10 08 04 02 01 00
40 20 10 08 04 02 01 00
40 20 10 08 04 02 01 00

发现错位再改写
40 20 10 08 04 02 01 00
40 20 10 08 04 02 01 00
40 20 10 08 04 02 01 00
40 20 10 08 04 02 01 00
40 20 10 08 04 02 01 00
40 20 10 08 04 02 01 00
40 20 10 08 04 02 01 00
40 20 10 08 04 02 01 00



2025-3-12 改ROM查询点阵地址后


0x41 是'A'字符
直接对应ROM 0x41地址，
然后对应机器码直接摆在 0x00处

拼凑字符用
全满线：ff 或7f 因最高位不用 8bit 有7bit 实际
中间线：02，04，06，08
双点：03，05，07，09
间隔点：11，22，44，88
7改3：4结构
高位8-0，低位0-15

顶上占满，+4
底下占满，+1
从上往下第四位，+8
拐角点，+2或+3

上左拐角+2 +4
下左拐角+c +4
上右拐角+2 +2
下右拐角+c +8

点阵对应，以最后一行为准
A:1f 28 48 28 1f
B: ff 49 49 49 36

C:18 24 41 41 24 

C:1a 22 41 41 22
C:1d 22 41 41 22
C:1c 22 41 41 22

D:7f 41 22 14 14 

D:7F 41 41 22 34
D:7f 41 41 22 1c

E: ff 49 49 49 49

F: ff 48 48 48 40
G:18 24 49 4a 2e

G:1c 22 49 49 26

H:ff 08 08 08 ff


查表码：
0x41开始
00 05 0a 0f 
14 19 1b 20 

0x41开始
00 05 0a 0f 
14 19 1d 23

0x41开始
00 05 0a 0f 
14 19 1e 23


点阵码

1f 28 48 28 1f
 ff 49 49 49 36
18 24 41 41 24 
7f 41 22 14 14 
ff 49 49 49 49
ff 48 48 48 40
18 24 49 4a 2e
ff 08 08 08 ff



点阵码V2

1f 28 48 28 1f 
ff 49 49 49 36 
1c 22 41 41 22 
7f 41 41 22 1c 
ff 49 49 49 49 
ff 48 48 48 40 
1c 2249 49 26 
ff 08 08 08 ff 

